mapname;zoneid;memo;noreturnondc;teleport;itemdrop;exploss;pvp;pvpnightmare;guildpvp;items;skill;deadbranches;flywings;butterflywings;turbotrack;noparty;noguild;weather
06guild_01;1;0;1;0;0;0;1;0;0;1;0;0;0;0;0;0;1;0
06guild_02;1;0;1;0;0;0;1;0;0;1;0;0;0;0;0;0;1;0
06guild_03;1;0;1;0;0;0;1;0;0;1;0;0;0;0;0;0;1;0
06guild_04;1;0;1;0;0;0;1;0;0;1;0;0;0;0;0;0;1;0
06guild_05;1;0;1;0;0;0;1;0;0;1;0;0;0;0;0;0;1;0
06guild_06;1;0;1;0;0;0;1;0;0;1;0;0;0;0;0;0;1;0
06guild_07;1;0;1;0;0;0;1;0;0;1;0;0;0;0;0;0;1;0
06guild_08;1;0;1;0;0;0;1;0;0;1;0;0;0;0;0;0;1;0
06guild_r;1;0;1;0;0;0;0;0;0;1;0;0;0;0;0;0;0;0
abyss_01;1;0;0;1;0;1;0;0;0;1;0;1;1;1;0;0;0;0
abyss_02;1;0;0;1;0;1;0;0;0;1;0;1;1;1;0;0;0;0
abyss_03;1;0;0;1;0;1;0;0;0;1;0;1;1;1;0;0;0;0
airplane;1;0;0;0;0;0;0;0;0;1;0;0;0;0;0;0;0;0
airplane_01;1;0;0;0;0;0;0;0;0;1;0;0;0;0;0;0;0;0
airport;1;0;0;0;0;0;0;0;0;1;0;0;0;0;0;0;0;0
alb2trea;1;1;0;1;0;1;0;0;0;1;0;1;1;1;0;0;0;0
alberta;1;1;0;1;0;0;0;0;0;1;0;0;1;1;0;0;0;0
alberta_in;1;0;0;0;0;0;0;0;0;1;0;0;0;0;0;0;0;0
alb_ship;1;0;0;0;0;0;0;0;0;1;0;0;0;0;0;0;0;0
aldebaran;1;1;0;1;0;0;0;0;0;1;0;0;1;1;0;0;0;0
aldeba_in;1;0;0;0;0;0;0;0;0;1;0;0;0;0;0;0;0;0
aldeg_cas01;1;0;1;0;0;0;1;0;0;1;0;0;0;0;0;0;1;0
aldeg_cas02;1;0;1;0;0;0;1;0;0;1;0;0;0;0;0;0;1;0
aldeg_cas03;1;0;1;0;0;0;1;0;0;1;0;0;0;0;0;0;1;0
aldeg_cas04;1;0;1;0;0;0;1;0;0;1;0;0;0;0;0;0;1;0
aldeg_cas05;1;0;1;0;0;0;1;0;0;1;0;0;0;0;0;0;1;0
alde_alche;1;0;0;0;0;0;0;0;0;1;0;0;0;0;0;0;0;0
alde_dun01;1;0;0;1;0;1;0;0;0;1;0;1;1;1;0;0;0;0
alde_dun02;1;0;0;1;0;1;0;0;0;1;0;1;1;1;0;0;0;0
alde_dun03;1;0;0;1;0;1;0;0;0;1;0;1;1;1;0;0;0;0
alde_dun04;1;0;0;1;0;1;0;0;0;1;0;1;1;1;0;0;0;0
alde_gld;1;1;0;1;0;1;0;0;0;1;0;1;1;1;0;0;0;0
alde_tt02;1;0;1;0;0;0;1;0;0;1;0;0;0;0;1;0;0;0
amatsu;1;1;0;1;0;0;0;0;0;1;0;0;1;1;0;0;0;0
ama_dun01;1;0;0;0;0;1;0;0;0;1;0;1;0;0;0;0;0;0
ama_dun02;1;0;0;1;0;1;0;0;0;1;0;1;1;1;0;0;0;0
ama_dun03;1;0;0;1;0;1;0;0;0;1;0;1;1;1;0;0;0;0
ama_fild01;1;1;0;1;0;1;0;0;0;1;0;1;1;1;0;0;0;0
ama_in01;1;0;0;0;0;0;0;0;0;1;0;0;0;0;0;0;0;0
ama_in02;1;0;0;0;0;0;0;0;0;1;0;0;0;0;0;0;0;0
ama_test;1;0;1;0;0;0;0;0;0;1;0;0;0;0;0;0;0;0
anthell01;1;0;0;1;0;1;0;0;0;1;0;1;1;1;0;0;0;0
anthell02;1;0;0;1;0;1;0;0;0;1;0;1;1;1;0;0;0;0
arena_room;1;0;0;0;0;0;0;0;0;1;0;0;0;0;0;0;0;0
auction_01;1;0;0;0;0;0;0;0;0;1;0;0;0;0;0;0;0;0
auction_02;1;0;0;0;0;0;0;0;0;1;0;0;0;0;0;0;0;0
ayothaya;1;1;0;1;0;0;0;0;0;1;0;0;1;1;0;0;0;0
ayo_dun01;1;0;0;1;0;1;0;0;0;1;0;1;1;1;0;0;0;0
ayo_dun02;1;0;0;1;0;1;0;0;0;1;0;1;1;1;0;0;0;0
ayo_fild01;1;1;0;1;0;1;0;0;0;1;0;1;1;1;0;0;0;0
ayo_fild02;1;0;0;1;0;1;0;0;0;1;0;1;1;1;0;0;0;0
ayo_in01;1;0;0;0;0;0;0;0;0;1;0;0;0;0;0;0;0;0
ayo_in02;1;0;0;0;0;0;0;0;0;1;0;0;0;0;0;0;0;0
beach_dun;1;0;0;1;0;1;0;0;0;1;0;1;1;1;0;0;0;0
beach_dun2;1;0;0;1;0;1;0;0;0;1;0;1;1;1;0;0;0;0
beach_dun3;1;0;0;1;0;1;0;0;0;1;0;1;1;1;0;0;0;0
cmd_fild01;1;0;0;1;0;1;0;0;0;1;0;1;1;1;0;0;0;0
cmd_fild02;1;0;0;1;0;1;0;0;0;1;0;1;1;1;0;0;0;0
cmd_fild03;1;0;0;1;0;1;0;0;0;1;0;1;1;1;0;0;0;0
cmd_fild04;1;0;0;1;0;1;0;0;0;1;0;1;1;1;0;0;0;0
cmd_fild05;1;0;0;1;0;1;0;0;0;1;0;1;1;1;0;0;0;0
cmd_fild06;1;0;0;1;0;1;0;0;0;1;0;1;1;1;0;0;0;0
cmd_fild07;1;1;0;1;0;1;0;0;0;1;0;1;1;1;0;0;0;0
cmd_fild08;1;0;0;1;0;1;0;0;0;1;0;1;1;1;0;0;0;0
cmd_fild09;1;1;0;1;0;1;0;0;0;1;0;1;1;1;0;0;0;0
cmd_in01;1;0;0;0;0;0;0;0;0;1;0;0;0;0;0;0;0;0
cmd_in02;1;0;0;0;0;0;0;0;0;1;0;0;0;0;0;0;0;0
comodo;1;1;0;1;0;0;0;0;0;1;0;0;1;1;0;0;0;0
c_tower1;1;0;0;1;0;1;0;0;0;1;0;1;1;1;0;0;0;0
c_tower2;1;0;0;1;0;1;0;0;0;1;0;1;1;1;0;0;0;0
c_tower3;1;0;0;1;0;1;0;0;0;1;0;1;1;1;0;0;0;0
c_tower4;1;0;0;1;0;1;0;0;0;1;0;1;1;1;0;0;0;0
einbech;1;1;0;1;0;0;0;0;0;1;0;0;1;1;0;0;0;0
einbroch;1;1;0;1;0;0;0;0;0;1;0;0;1;1;0;0;0;0
ein_dun01;1;0;0;1;0;1;0;0;0;1;0;1;1;1;0;0;0;0
ein_dun02;1;0;0;1;0;1;0;0;0;1;0;1;1;1;0;0;0;0
ein_fild01;1;1;0;1;0;1;0;0;0;1;0;1;1;1;0;0;0;0
ein_fild02;1;1;0;1;0;1;0;0;0;1;0;1;1;1;0;0;0;0
ein_fild03;1;1;0;1;0;1;0;0;0;1;0;1;1;1;0;0;0;0
ein_fild04;1;1;0;1;0;1;0;0;0;1;0;1;1;1;0;0;0;0
ein_fild05;1;1;0;1;0;1;0;0;0;1;0;1;1;1;0;0;0;0
ein_fild06;1;1;0;1;0;1;0;0;0;1;0;1;1;1;0;0;0;0
ein_fild07;1;1;0;1;0;1;0;0;0;1;0;1;1;1;0;0;0;0
ein_fild08;1;1;0;1;0;1;0;0;0;1;0;1;1;1;0;0;0;0
ein_fild09;1;1;0;1;0;1;0;0;0;1;0;1;1;1;0;0;0;0
ein_fild10;1;1;0;1;0;1;0;0;0;1;0;1;1;1;0;0;0;0
ein_in01;1;0;0;0;0;0;0;0;0;1;0;0;0;0;0;0;0;0
force_1-1;1;0;1;0;0;0;0;0;0;1;0;0;0;0;0;0;0;0
force_1-2;1;0;1;0;0;0;0;0;0;1;0;0;0;0;0;0;0;0
force_1-3;1;0;1;0;0;0;0;0;0;1;0;0;0;0;0;0;0;0
force_2-1;1;0;1;0;0;0;0;0;0;1;0;0;0;0;0;0;0;0
force_2-2;1;0;1;0;0;0;0;0;0;1;0;0;0;0;0;0;0;0
force_2-3;1;0;1;0;0;0;0;0;0;1;0;0;0;0;0;0;0;0
force_3-1;1;0;1;0;0;0;0;0;0;1;0;0;0;0;0;0;0;0
force_3-2;1;0;1;0;0;0;0;0;0;1;0;0;0;0;0;0;0;0
force_3-3;1;0;1;0;0;0;0;0;0;1;0;0;0;0;0;0;0;0
force_4-1;1;0;1;0;0;0;0;0;0;1;0;0;0;0;0;0;0;0
force_5-1;1;0;1;0;0;0;0;0;0;1;0;0;0;0;0;0;0;0
force_map1;1;0;1;0;0;0;0;0;0;1;0;0;0;0;0;0;0;0
force_map2;1;0;1;0;0;0;0;0;0;1;0;0;0;0;0;0;0;0
force_map3;1;0;1;0;0;0;0;0;0;1;0;0;0;0;0;0;0;0
gefenia01;1;0;0;0;0;1;0;0;0;1;0;1;0;0;0;0;0;0
gefenia02;1;0;0;0;0;1;0;0;0;1;0;1;0;0;0;0;0;0
gefenia03;1;0;0;0;0;1;0;0;0;1;0;1;0;0;0;0;0;0
gefenia04;1;0;0;0;0;1;0;0;0;1;0;1;0;0;0;0;0;0
geffen;1;1;0;1;0;0;0;0;0;1;0;0;1;1;0;0;0;0
geffen_in;1;0;0;0;0;0;0;0;0;1;0;0;0;0;0;0;0;0
gefg_cas01;1;0;1;0;0;0;1;0;0;1;0;0;0;0;0;0;1;0
gefg_cas02;1;0;1;0;0;0;1;0;0;1;0;0;0;0;0;0;1;0
gefg_cas03;1;0;1;0;0;0;1;0;0;1;0;0;0;0;0;0;1;0
gefg_cas04;1;0;1;0;0;0;1;0;0;1;0;0;0;0;0;0;1;0
gefg_cas05;1;0;1;0;0;0;1;0;0;1;0;0;0;0;0;0;1;0
gef_dun00;1;0;0;1;0;1;0;0;0;1;0;1;1;1;0;0;0;0
gef_dun01;1;0;0;1;0;1;0;0;0;1;0;1;1;1;0;0;0;0
gef_dun02;1;0;0;1;0;1;0;0;0;1;0;1;1;1;0;0;0;0
gef_dun03;1;0;1;0;0;0;0;0;0;1;0;0;0;0;0;0;0;0
gef_fild00;1;1;0;1;0;1;0;0;0;1;0;1;1;1;0;0;0;0
gef_fild01;1;1;0;1;0;1;0;0;0;1;0;1;1;1;0;0;0;0
gef_fild02;1;1;0;1;0;1;0;0;0;1;0;1;1;1;0;0;0;0
gef_fild03;1;0;0;1;0;1;0;0;0;1;0;1;1;1;0;0;0;0
gef_fild04;1;1;0;1;0;1;0;0;0;1;0;1;1;1;0;0;0;0
gef_fild05;1;0;0;1;0;1;0;0;0;1;0;1;1;1;0;0;0;0
gef_fild06;1;0;0;1;0;1;0;0;0;1;0;1;1;1;0;0;0;0
gef_fild07;1;1;0;1;0;1;0;0;0;1;0;1;1;1;0;0;0;0
gef_fild08;1;0;0;1;0;1;0;0;0;1;0;1;1;1;0;0;0;0
gef_fild09;1;0;0;1;0;1;0;0;0;1;0;1;1;1;0;0;0;0
gef_fild10;1;0;0;1;0;1;0;0;0;1;0;1;1;1;0;0;0;0
gef_fild11;1;0;0;1;0;1;0;0;0;1;0;1;1;1;0;0;0;0
gef_fild12;1;0;0;1;0;1;0;0;0;1;0;1;1;1;0;0;0;0
gef_fild13;1;0;0;1;0;1;0;0;0;1;0;1;1;1;0;0;0;0
gef_fild14;1;0;0;1;0;1;0;0;0;1;0;1;1;1;0;0;0;0
gef_tower;1;0;0;0;0;0;0;0;0;1;0;0;0;0;0;0;0;0
glast_01;1;1;0;1;0;1;0;0;0;1;0;1;1;1;0;0;0;0
gld_dun01;1;0;1;1;0;1;1;0;0;1;0;1;1;1;0;0;1;0
gld_dun02;1;0;1;1;0;1;1;0;0;1;0;1;1;1;0;0;1;0
gld_dun03;1;0;1;1;0;1;1;0;0;1;0;1;1;1;0;0;1;0
gld_dun04;1;0;1;1;0;1;1;0;0;1;0;1;1;1;0;0;1;0
gl_cas01;1;0;0;1;0;1;0;0;0;1;0;1;1;1;0;0;0;0
gl_cas02;1;0;0;1;0;1;0;0;0;1;0;1;1;1;0;0;0;0
gl_church;1;0;0;1;0;1;0;0;0;1;0;1;1;1;0;0;0;0
gl_chyard;1;0;0;1;0;1;0;0;0;1;0;1;1;1;0;0;0;0
gl_dun01;1;0;0;1;0;1;0;0;0;1;0;1;1;1;0;0;0;0
gl_dun02;1;0;0;1;0;1;0;0;0;1;0;1;1;1;0;0;0;0
gl_in01;1;0;0;1;0;1;0;0;0;1;0;1;1;1;0;0;0;0
gl_knt01;1;0;0;1;0;1;0;0;0;1;0;1;1;1;0;0;0;0
gl_knt02;1;0;0;1;0;1;0;0;0;1;0;1;1;1;0;0;0;0
gl_prison;1;0;0;1;0;1;0;0;0;1;0;1;1;1;0;0;0;0
gl_prison1;1;0;0;1;0;1;0;0;0;1;0;1;1;1;0;0;0;0
gl_sew01;1;0;0;1;0;1;0;0;0;1;0;1;1;1;0;0;0;0
gl_sew02;1;0;0;1;0;1;0;0;0;1;0;1;1;1;0;0;0;0
gl_sew03;1;0;0;1;0;1;0;0;0;1;0;1;1;1;0;0;0;0
gl_sew04;1;0;0;1;0;1;0;0;0;1;0;1;1;1;0;0;0;0
gl_step;1;0;0;1;0;1;0;0;0;1;0;1;1;1;0;0;0;0
gonryun;1;1;0;1;0;0;0;0;0;1;0;0;1;1;0;0;0;0
gon_dun01;1;0;0;1;0;1;0;0;0;1;0;1;1;1;0;0;0;0
gon_dun02;1;0;0;1;0;1;0;0;0;1;0;1;1;1;0;0;0;0
gon_dun03;1;0;0;1;0;1;0;0;0;1;0;1;1;1;0;0;0;0
gon_fild01;1;1;0;1;0;1;0;0;0;1;0;1;1;1;0;0;0;0
gon_in;1;0;0;0;0;0;0;0;0;1;0;0;0;0;0;0;0;0
gon_test;1;0;1;0;0;0;0;0;0;1;0;0;0;0;0;0;0;0
guild_room;1;0;1;0;0;0;1;0;0;1;0;0;0;0;0;0;1;0
guild_vs1;1;0;0;0;0;0;0;0;0;1;0;0;0;0;0;0;0;0
guild_vs1-1;1;0;1;0;0;0;1;0;0;1;0;0;0;0;0;0;1;0
guild_vs1-2;1;0;1;0;0;0;1;0;0;1;0;0;0;0;0;0;1;0
guild_vs1-3;1;0;1;0;0;0;1;0;0;1;0;0;0;0;0;0;1;0
guild_vs1-4;1;0;1;0;0;0;1;0;0;1;0;0;0;0;0;0;1;0
guild_vs2;1;0;0;0;0;0;0;0;0;1;0;0;0;0;0;0;0;0
guild_vs2-1;1;0;1;0;0;0;1;0;0;1;0;0;0;0;0;0;1;0
guild_vs2-2;1;0;1;0;0;0;1;0;0;1;0;0;0;0;0;0;1;0
guild_vs3;1;0;1;0;0;0;1;0;0;1;0;0;0;0;0;0;1;0
guild_vs4;1;0;1;0;0;0;1;0;0;1;0;0;0;0;0;0;1;0
guild_vs5;1;0;1;0;0;0;1;0;0;1;0;0;0;0;0;0;1;0
g_room1-1;1;0;0;0;0;0;0;0;0;1;0;0;0;0;0;0;0;0
g_room1-2;1;0;0;0;0;0;0;0;0;1;0;0;0;0;0;0;0;0
g_room1-3;1;0;0;0;0;0;0;0;0;1;0;0;0;0;0;0;0;0
g_room2;1;0;0;0;0;0;0;0;0;1;0;0;0;0;0;0;0;0
himinn;1;0;1;0;0;0;0;0;0;1;0;0;0;0;0;0;0;0
hugel;1;1;0;1;0;0;0;0;0;1;0;0;1;1;0;0;0;0
hunter_1-1;1;0;1;0;0;0;0;0;0;1;0;0;0;0;0;0;0;0
hunter_2-1;1;0;1;0;0;0;0;0;0;1;0;0;0;0;0;0;0;0
hunter_3-1;1;0;1;0;0;0;0;0;0;1;0;0;0;0;0;0;0;0
hu_fild01;1;0;0;1;0;1;0;0;0;1;0;1;1;1;0;0;0;0
hu_fild02;1;0;0;1;0;1;0;0;0;1;0;1;1;1;0;0;0;0
hu_fild03;1;1;0;1;0;1;0;0;0;1;0;1;1;1;0;0;0;0
hu_fild04;1;1;0;1;0;1;0;0;0;1;0;1;1;1;0;0;0;0
hu_fild05;1;0;0;1;0;1;0;0;0;1;0;1;1;1;0;0;0;0
hu_fild06;1;1;0;1;0;1;0;0;0;1;0;1;1;1;0;0;0;0
hu_fild07;1;1;0;1;0;1;0;0;0;1;0;1;1;1;0;0;0;0
hu_in01;1;0;0;0;0;0;0;0;0;1;0;0;0;0;0;0;0;0
ice_dun01;1;0;0;1;0;1;0;0;0;1;0;1;1;1;0;0;0;0
ice_dun02;1;0;0;1;0;1;0;0;0;1;0;1;1;1;0;0;0;0
ice_dun03;1;0;0;1;0;1;0;0;0;1;0;1;1;1;0;0;0;0
ice_dun04;1;0;1;0;0;0;0;0;0;1;0;0;0;0;0;0;0;0
in_moc_16;1;0;0;0;0;0;0;0;0;1;0;0;0;0;0;0;0;0
in_orcs01;1;0;0;0;0;0;0;0;0;1;0;0;0;0;0;0;0;0
in_rogue;1;0;1;0;0;0;0;0;0;1;0;0;0;0;0;0;0;0
in_sphinx1;1;0;0;1;0;1;0;0;0;1;0;1;1;1;0;0;0;0
in_sphinx2;1;0;0;1;0;1;0;0;0;1;0;1;1;1;0;0;0;0
in_sphinx3;1;0;0;1;0;1;0;0;0;1;0;1;1;1;0;0;0;0
in_sphinx4;1;0;0;1;0;1;0;0;0;1;0;1;1;1;0;0;0;0
in_sphinx5;1;0;0;1;0;1;0;0;0;1;0;1;1;1;0;0;0;0
izlu2dun;1;0;0;1;0;1;0;0;0;1;0;1;1;1;0;0;0;0
izlude;1;1;0;1;0;0;0;0;0;1;0;0;1;1;0;0;0;0
izlude_in;1;0;0;0;0;0;0;0;0;1;0;0;0;0;0;0;0;0
iz_dun00;1;0;0;1;0;1;0;0;0;1;0;1;1;1;0;0;0;0
iz_dun01;1;0;0;1;0;1;0;0;0;1;0;1;1;1;0;0;0;0
iz_dun02;1;0;0;1;0;1;0;0;0;1;0;1;1;1;0;0;0;0
iz_dun03;1;0;0;1;0;1;0;0;0;1;0;1;1;1;0;0;0;0
iz_dun04;1;0;0;1;0;1;0;0;0;1;0;1;1;1;0;0;0;0
jawaii;1;0;0;0;0;0;0;0;0;1;0;0;0;0;0;0;0;0
jawaii_in;1;0;0;0;0;0;0;0;0;1;0;0;0;0;0;0;0;0
job_cru;1;0;1;0;0;0;0;0;0;1;0;0;0;0;0;0;0;0
job_duncer;1;0;1;0;0;0;0;0;0;1;0;0;0;0;0;0;0;0
job_hunte;1;0;1;0;0;0;0;0;0;1;0;0;0;0;0;0;0;0
job_hunter;1;0;1;0;0;0;0;0;0;1;0;0;0;0;0;0;0;0
job_knight;1;0;1;0;0;0;0;0;0;1;0;0;0;0;0;0;0;0
job_knt;1;0;1;0;0;0;0;0;0;1;0;0;0;0;0;0;0;0
job_monk;1;0;1;0;0;0;0;0;0;1;0;0;0;0;0;0;0;0
job_priest;1;0;1;0;0;0;0;0;0;1;0;0;0;0;0;0;0;0
job_prist;1;0;1;0;0;0;0;0;0;1;0;0;0;0;0;0;0;0
job_sage;1;0;1;0;0;0;0;0;0;1;0;0;0;0;0;0;0;0
job_soul;1;0;1;0;0;0;0;0;0;1;0;0;0;0;0;0;0;0
job_star;1;0;1;0;0;0;0;0;0;1;0;0;0;0;0;0;0;0
job_sword1;1;0;1;0;0;0;0;0;0;1;0;0;0;0;0;0;0;0
job_thief1;1;1;0;1;0;1;0;0;0;1;0;1;1;1;0;0;0;0
job_wiz;1;0;1;0;0;0;0;0;0;1;0;0;0;0;0;0;0;0
job_wizard;1;0;1;0;0;0;0;0;0;1;0;0;0;0;0;0;0;0
juperos_01;1;0;0;1;0;1;0;0;0;1;0;1;1;1;0;0;0;0
juperos_02;1;0;0;1;0;1;0;0;0;1;0;1;1;1;0;0;0;0
jupe_area1;1;0;1;0;0;0;0;0;0;1;0;0;0;0;0;0;0;0
jupe_area2;1;0;1;0;0;0;0;0;0;1;0;0;0;0;0;0;0;0
jupe_cave;1;0;0;1;0;1;0;0;0;1;0;1;1;1;0;0;0;0
jupe_core;1;0;0;1;0;1;0;0;0;1;0;1;1;1;0;0;0;0
jupe_ele;1;0;1;0;0;0;0;0;0;1;0;0;0;0;0;0;0;0
jupe_ele_r;1;0;1;0;0;0;0;0;0;1;0;0;0;0;0;0;0;0
jupe_gate;1;0;1;0;0;0;0;0;0;1;0;0;0;0;0;0;0;0
kh_dun01;1;0;0;0;0;1;0;0;0;1;0;1;0;0;0;0;0;0
kh_dun02;1;0;0;1;0;1;0;0;0;1;0;1;1;1;0;0;0;0
kh_kiehl01;1;0;1;0;0;0;0;0;0;1;0;0;0;0;0;0;0;0
kh_kiehl02;1;0;1;0;0;0;0;0;0;1;0;0;0;0;0;0;0;0
kh_mansion;1;0;0;0;0;0;0;0;0;1;0;0;0;0;0;0;0;0
kh_rossi;1;0;0;0;0;0;0;0;0;1;0;0;0;0;0;0;0;0
kh_school;1;0;0;0;0;0;0;0;0;1;0;0;0;0;0;0;0;0
kh_vila;1;0;0;0;0;0;0;0;0;1;0;0;0;0;0;0;0;0
knight_1-1;1;0;1;0;0;0;0;0;0;1;0;0;0;0;0;0;0;0
knight_2-1;1;0;1;0;0;0;0;0;0;1;0;0;0;0;0;0;0;0
knight_3-1;1;0;1;0;0;0;0;0;0;1;0;0;0;0;0;0;0;0
lhz_airport;1;0;0;0;0;0;0;0;0;1;0;0;0;0;0;0;0;0
lhz_cube;1;0;1;0;0;0;0;0;0;1;0;0;0;0;0;0;0;0
lhz_dun01;1;0;0;1;0;1;0;0;0;1;0;1;1;1;0;0;0;0
lhz_dun02;1;0;0;1;0;1;0;0;0;1;0;1;1;1;0;0;0;0
lhz_dun03;1;0;0;1;0;1;0;0;0;1;0;1;1;1;0;0;0;0
lhz_fild01;1;1;0;1;0;1;0;0;0;1;0;1;1;1;0;0;0;0
lhz_fild02;1;1;0;1;0;1;0;0;0;1;0;1;1;1;0;0;0;0
lhz_fild03;1;1;0;1;0;1;0;0;0;1;0;1;1;1;0;0;0;0
lhz_in01;1;0;0;0;0;0;0;0;0;1;0;0;0;0;0;0;0;0
lhz_in02;1;0;0;0;0;0;0;0;0;1;0;0;0;0;0;0;0;0
lhz_in03;1;0;0;0;0;0;0;0;0;1;0;0;0;0;0;0;0;0
lhz_que01;1;0;1;0;0;0;0;0;0;1;0;0;0;0;0;0;0;0
lighthalzen;1;1;0;1;0;0;0;0;0;1;0;0;1;1;0;0;0;0
louyang;1;1;0;1;0;0;0;0;0;1;0;0;1;1;0;0;0;0
lou_dun01;1;0;0;1;0;1;0;0;0;1;0;1;1;1;0;0;0;0
lou_dun02;1;0;0;1;0;1;0;0;0;1;0;1;1;1;0;0;0;0
lou_dun03;1;0;0;1;0;1;0;0;0;1;0;1;1;1;0;0;0;0
lou_fild01;1;0;0;1;0;1;0;0;0;1;0;1;1;1;0;0;0;0
lou_in01;1;0;0;0;0;0;0;0;0;1;0;0;0;0;0;0;0;0
lou_in02;1;0;0;0;0;0;0;0;0;1;0;0;0;0;0;0;0;0
mag_dun01;1;0;0;1;0;1;0;0;0;1;0;1;1;1;0;0;0;0
mag_dun02;1;0;0;1;0;1;0;0;0;1;0;1;1;1;0;0;0;0
mapname;0;0;0;0;0;0;0;0;0;0;0;0;0;0;0;0;0;0
mjolnir_01;1;1;0;1;0;1;0;0;0;1;0;1;1;1;0;0;0;0
mjolnir_02;1;0;0;1;0;1;0;0;0;1;0;1;1;1;0;0;0;0
mjolnir_03;1;0;0;1;0;1;0;0;0;1;0;1;1;1;0;0;0;0
mjolnir_04;1;0;0;1;0;1;0;0;0;1;0;1;1;1;0;0;0;0
mjolnir_05;1;0;0;1;0;1;0;0;0;1;0;1;1;1;0;0;0;0
mjolnir_06;1;1;0;1;0;1;0;0;0;1;0;1;1;1;0;0;0;0
mjolnir_07;1;0;0;1;0;1;0;0;0;1;0;1;1;1;0;0;0;0
mjolnir_08;1;0;0;1;0;1;0;0;0;1;0;1;1;1;0;0;0;0
mjolnir_09;1;1;0;1;0;1;0;0;0;1;0;1;1;1;0;0;0;0
mjolnir_10;1;0;0;1;0;1;0;0;0;1;0;1;1;1;0;0;0;0
mjolnir_11;1;0;0;1;0;1;0;0;0;1;0;1;1;1;0;0;0;0
mjolnir_12;1;0;0;1;0;1;0;0;0;1;0;1;1;1;0;0;0;0
mjo_dun01;1;0;0;1;0;1;0;0;0;1;0;1;1;1;0;0;0;0
mjo_dun02;1;0;0;1;0;1;0;0;0;1;0;1;1;1;0;0;0;0
mjo_dun03;1;0;0;1;0;1;0;0;0;1;0;1;1;1;0;0;0;0
moc_castle;1;0;0;0;0;0;0;0;0;1;0;0;0;0;0;0;0;0
moc_fild01;1;1;0;1;0;1;0;0;0;1;0;1;1;1;0;0;0;0
moc_fild02;1;1;0;1;0;1;0;0;0;1;0;1;1;1;0;0;0;0
moc_fild03;1;0;0;1;0;1;0;0;0;1;0;1;1;1;0;0;0;0
moc_fild04;1;0;0;1;0;1;0;0;0;1;0;1;1;1;0;0;0;0
moc_fild05;1;1;0;1;0;1;0;0;0;1;0;1;1;1;0;0;0;0
moc_fild06;1;1;0;1;0;1;0;0;0;1;0;1;1;1;0;0;0;0
moc_fild07;1;1;0;1;0;1;0;0;0;1;0;1;1;1;0;0;0;0
moc_fild08;1;0;0;1;0;1;0;0;0;1;0;1;1;1;0;0;0;0
moc_fild09;1;0;0;1;0;1;0;0;0;1;0;1;1;1;0;0;0;0
moc_fild10;1;1;0;1;0;1;0;0;0;1;0;1;1;1;0;0;0;0
moc_fild11;1;1;0;1;0;1;0;0;0;1;0;1;1;1;0;0;0;0
moc_fild12;1;1;0;1;0;1;0;0;0;1;0;1;1;1;0;0;0;0
moc_fild13;1;0;0;1;0;1;0;0;0;1;0;1;1;1;0;0;0;0
moc_fild14;1;0;0;1;0;1;0;0;0;1;0;1;1;1;0;0;0;0
moc_fild15;1;0;0;1;0;1;0;0;0;1;0;1;1;1;0;0;0;0
moc_fild16;1;0;0;1;0;1;0;0;0;1;0;1;1;1;0;0;0;0
moc_fild17;1;0;0;1;0;1;0;0;0;1;0;1;1;1;0;0;0;0
moc_fild18;1;1;0;1;0;1;0;0;0;1;0;1;1;1;0;0;0;0
moc_fild19;1;0;0;1;0;1;0;0;0;1;0;1;1;1;0;0;0;0
moc_pryd01;1;0;0;1;0;1;0;0;0;1;0;1;1;1;0;0;0;0
moc_pryd02;1;0;0;1;0;1;0;0;0;1;0;1;1;1;0;0;0;0
moc_pryd03;1;0;0;1;0;1;0;0;0;1;0;1;1;1;0;0;0;0
moc_pryd04;1;0;0;1;0;1;0;0;0;1;0;1;1;1;0;0;0;0
moc_pryd05;1;0;0;1;0;1;0;0;0;1;0;1;1;1;0;0;0;0
moc_pryd06;1;0;0;1;0;1;0;0;0;1;0;1;1;1;0;0;0;0
moc_prydb1;1;0;0;1;0;1;0;0;0;1;0;1;1;1;0;0;0;0
moc_ruins;1;0;0;1;0;1;0;0;0;1;0;1;1;1;0;0;0;0
monk_in;1;0;0;0;0;0;0;0;0;1;0;0;0;0;0;0;0;0
monk_test;1;0;1;0;0;0;0;0;0;1;0;0;0;0;0;0;0;0
morocc;1;1;0;1;0;0;0;0;0;1;0;0;1;1;0;0;0;0
morocc_in;1;0;0;0;0;0;0;0;0;1;0;0;0;0;0;0;0;0
new_1-1;1;0;0;0;0;0;0;0;0;1;0;0;0;0;0;0;0;0
new_1-2;1;0;0;0;0;0;0;0;0;1;0;0;0;0;0;0;0;0
new_1-3;1;0;0;0;0;0;0;0;0;1;0;0;0;0;0;0;0;0
new_1-4;1;0;0;0;0;0;0;0;0;1;0;0;0;0;0;0;0;0
new_2-1;1;0;0;0;0;0;0;0;0;1;0;0;0;0;0;0;0;0
new_2-2;1;0;0;0;0;0;0;0;0;1;0;0;0;0;0;0;0;0
new_2-3;1;0;0;0;0;0;0;0;0;1;0;0;0;0;0;0;0;0
new_2-4;1;0;0;0;0;0;0;0;0;1;0;0;0;0;0;0;0;0
new_3-1;1;0;0;0;0;0;0;0;0;1;0;0;0;0;0;0;0;0
new_3-2;1;0;0;0;0;0;0;0;0;1;0;0;0;0;0;0;0;0
new_3-3;1;0;0;0;0;0;0;0;0;1;0;0;0;0;0;0;0;0
new_3-4;1;0;0;0;0;0;0;0;0;1;0;0;0;0;0;0;0;0
new_4-1;1;0;0;0;0;0;0;0;0;1;0;0;0;0;0;0;0;0
new_4-2;1;0;0;0;0;0;0;0;0;1;0;0;0;0;0;0;0;0
new_4-3;1;0;0;0;0;0;0;0;0;1;0;0;0;0;0;0;0;0
new_4-4;1;0;0;0;0;0;0;0;0;1;0;0;0;0;0;0;0;0
new_5-1;1;0;0;0;0;0;0;0;0;1;0;0;0;0;0;0;0;0
new_5-2;1;0;0;0;0;0;0;0;0;1;0;0;0;0;0;0;0;0
new_5-3;1;0;0;0;0;0;0;0;0;1;0;0;0;0;0;0;0;0
new_5-4;1;0;0;0;0;0;0;0;0;1;0;0;0;0;0;0;0;0
new_zone01;1;0;1;0;0;0;0;0;0;1;0;0;0;0;1;0;0;0
new_zone02;1;0;1;0;0;0;0;0;0;1;0;0;0;0;1;0;0;0
new_zone03;1;0;1;0;0;0;0;0;0;1;0;0;0;0;1;0;0;0
new_zone04;1;0;1;0;0;0;0;0;0;1;0;0;0;0;1;0;0;0
nguild_alde;1;0;1;0;0;0;1;0;0;1;0;0;0;0;0;0;1;0
nguild_gef;1;0;1;0;0;0;1;0;0;1;0;0;0;0;0;0;1;0
nguild_pay;1;0;1;0;0;0;1;0;0;1;0;0;0;0;0;0;1;0
nguild_prt;1;0;1;0;0;0;1;0;0;1;0;0;0;0;0;0;1;0
niflheim;1;0;0;1;0;1;0;0;0;1;0;1;1;1;0;0;0;0
nif_fild01;1;0;0;1;0;1;0;0;0;1;0;1;1;1;0;0;0;0
nif_fild02;1;0;0;1;0;1;0;0;0;1;0;1;1;1;0;0;0;0
nif_in;1;0;0;0;0;0;0;0;0;1;0;0;0;0;0;0;0;0
n_castle;1;0;1;0;0;0;0;0;0;1;0;0;0;0;0;0;0;0
odin_tem01;1;1;0;1;0;1;0;0;0;1;0;1;1;1;0;0;0;0
odin_tem02;1;1;0;1;0;1;0;0;0;1;0;1;1;1;0;0;0;0
odin_tem03;1;1;0;1;0;1;0;0;0;1;0;1;1;1;0;0;0;0
orcsdun01;1;0;0;1;0;1;0;0;0;1;0;1;1;1;0;0;0;0
orcsdun02;1;0;0;1;0;1;0;0;0;1;0;1;1;1;0;0;0;0
ordeal_1-1;1;0;1;0;0;0;0;0;0;1;0;0;0;0;0;0;0;0
ordeal_1-2;1;0;1;0;0;0;0;0;0;1;0;0;0;0;0;0;0;0
ordeal_1-3;1;0;1;0;0;0;0;0;0;1;0;0;0;0;0;0;0;0
ordeal_1-4;1;0;1;0;0;0;0;0;0;1;0;0;0;0;0;0;0;0
ordeal_2-1;1;0;1;0;0;0;0;0;0;1;0;0;0;0;0;0;0;0
ordeal_2-2;1;0;1;0;0;0;0;0;0;1;0;0;0;0;0;0;0;0
ordeal_2-3;1;0;1;0;0;0;0;0;0;1;0;0;0;0;0;0;0;0
ordeal_2-4;1;0;1;0;0;0;0;0;0;1;0;0;0;0;0;0;0;0
ordeal_3-1;1;0;1;0;0;0;0;0;0;1;0;0;0;0;0;0;0;0
ordeal_3-2;1;0;1;0;0;0;0;0;0;1;0;0;0;0;0;0;0;0
ordeal_3-3;1;0;1;0;0;0;0;0;0;1;0;0;0;0;0;0;0;0
ordeal_3-4;1;0;1;0;0;0;0;0;0;1;0;0;0;0;0;0;0;0
ordeal_a00;1;0;1;0;0;0;0;0;0;1;0;0;0;0;0;0;0;0
ordeal_a02;1;0;1;0;0;0;0;0;0;1;0;0;0;0;0;0;0;0
payg_cas01;1;0;1;0;0;0;1;0;0;1;0;0;0;0;0;0;1;0
payg_cas02;1;0;1;0;0;0;1;0;0;1;0;0;0;0;0;0;1;0
payg_cas03;1;0;1;0;0;0;1;0;0;1;0;0;0;0;0;0;1;0
payg_cas04;1;0;1;0;0;0;1;0;0;1;0;0;0;0;0;0;1;0
payg_cas05;1;0;1;0;0;0;1;0;0;1;0;0;0;0;0;0;1;0
payon;1;1;0;1;0;0;0;0;0;1;0;0;1;1;0;0;0;0
payon_in01;1;0;0;0;0;0;0;0;0;1;0;0;0;0;0;0;0;0
payon_in02;1;0;0;0;0;0;0;0;0;1;0;0;0;0;0;0;0;0
payon_in03;1;0;0;0;0;0;0;0;0;1;0;0;0;0;0;0;0;0
pay_arche;1;1;0;1;0;0;0;0;0;1;0;0;1;1;0;0;0;0
pay_dun00;1;0;0;1;0;1;0;0;0;1;0;1;1;1;0;0;0;0
pay_dun01;1;0;0;1;0;1;0;0;0;1;0;1;1;1;0;0;0;0
pay_dun02;1;0;0;1;0;1;0;0;0;1;0;1;1;1;0;0;0;0
pay_dun03;1;0;0;1;0;1;0;0;0;1;0;1;1;1;0;0;0;0
pay_dun04;1;0;0;1;0;1;0;0;0;1;0;1;1;1;0;0;0;0
pay_fild01;1;1;0;1;0;1;0;0;0;1;0;1;1;1;0;0;0;0
pay_fild02;1;1;0;1;0;1;0;0;0;1;0;1;1;1;0;0;0;0
pay_fild03;1;1;0;1;0;1;0;0;0;1;0;1;1;1;0;0;0;0
pay_fild04;1;1;0;1;0;1;0;0;0;1;0;1;1;1;0;0;0;0
pay_fild05;1;0;0;1;0;1;0;0;0;1;0;1;1;1;0;0;0;0
pay_fild06;1;1;0;1;0;1;0;0;0;1;0;1;1;1;0;0;0;0
pay_fild07;1;0;0;1;0;1;0;0;0;1;0;1;1;1;0;0;0;0
pay_fild08;1;1;0;1;0;1;0;0;0;1;0;1;1;1;0;0;0;0
pay_fild09;1;1;0;1;0;1;0;0;0;1;0;1;1;1;0;0;0;0
pay_fild10;1;0;0;1;0;1;0;0;0;1;0;1;1;1;0;0;0;0
pay_fild11;1;0;0;1;0;1;0;0;0;1;0;1;1;1;0;0;0;0
pay_gld;1;0;1;0;0;0;0;0;0;1;0;0;0;0;0;0;0;0
poring_c01;1;0;1;0;0;1;0;0;0;1;0;0;0;0;0;0;0;0
poring_c02;1;0;1;0;0;1;0;0;0;1;0;0;0;0;0;0;0;0
priest_1-1;1;0;1;0;0;0;0;0;0;1;0;0;0;0;0;0;0;0
priest_2-1;1;0;1;0;0;0;0;0;0;1;0;0;0;0;0;0;0;0
priest_3-1;1;0;1;0;0;0;0;0;0;1;0;0;0;0;0;0;0;0
prontera;1;1;0;1;0;0;0;0;0;1;0;0;1;1;0;0;0;0
prtg_cas01;1;0;1;0;0;0;1;0;0;1;0;0;0;0;0;0;1;0
prtg_cas02;1;0;1;0;0;0;1;0;0;1;0;0;0;0;0;0;1;0
prtg_cas03;1;0;1;0;0;0;1;0;0;1;0;0;0;0;0;0;1;0
prtg_cas04;1;0;1;0;0;0;1;0;0;1;0;0;0;0;0;0;1;0
prtg_cas05;1;0;1;0;0;0;1;0;0;1;0;0;0;0;0;0;1;0
prt_are01;1;0;1;0;0;0;0;0;0;1;0;0;0;0;0;0;0;0
prt_are_in;1;0;1;0;0;0;0;0;0;1;0;0;0;0;0;0;0;0
prt_castle;1;0;0;0;0;0;0;0;0;1;0;0;0;0;0;0;0;0
prt_church;1;0;0;0;0;0;0;0;0;1;0;0;0;0;0;0;0;0
prt_fild00;1;1;0;1;0;1;0;0;0;1;0;1;1;1;0;0;0;0
prt_fild01;1;1;0;1;0;1;0;0;0;1;0;1;1;1;0;0;0;0
prt_fild02;1;1;0;1;0;1;0;0;0;1;0;1;1;1;0;0;0;0
prt_fild03;1;1;0;1;0;1;0;0;0;1;0;1;1;1;0;0;0;0
prt_fild04;1;1;0;1;0;1;0;0;0;1;0;1;1;1;0;0;0;0
prt_fild05;1;1;0;1;0;1;0;0;0;1;0;1;1;1;0;0;0;0
prt_fild06;1;1;0;1;0;1;0;0;0;1;0;1;1;1;0;0;0;0
prt_fild07;1;1;0;1;0;1;0;0;0;1;0;1;1;1;0;0;0;0
prt_fild08;1;1;0;1;0;1;0;0;0;1;0;1;1;1;0;0;0;0
prt_fild09;1;1;0;1;0;1;0;0;0;1;0;1;1;1;0;0;0;0
prt_fild10;1;0;0;1;0;1;0;0;0;1;0;1;1;1;0;0;0;0
prt_fild11;1;0;0;1;0;1;0;0;0;1;0;1;1;1;0;0;0;0
prt_gld;1;1;0;1;0;1;0;0;0;1;0;1;1;1;0;0;0;0
prt_in;1;0;0;0;0;0;0;0;0;1;0;0;0;0;0;0;0;0
prt_maze01;1;0;0;1;0;1;0;0;0;1;0;1;1;1;0;0;0;0
prt_maze02;1;0;0;1;0;1;0;0;0;1;0;1;1;1;0;0;0;0
prt_maze03;1;0;0;1;0;1;0;0;0;1;0;1;1;1;0;0;0;0
prt_monk;1;1;0;1;0;0;0;0;0;1;0;0;1;1;0;0;0;0
prt_sewb1;1;0;0;1;0;1;0;0;0;1;0;1;1;1;0;0;0;0
prt_sewb2;1;0;0;1;0;1;0;0;0;1;0;1;1;1;0;0;0;0
prt_sewb3;1;0;0;1;0;1;0;0;0;1;0;1;1;1;0;0;0;0
prt_sewb4;1;0;0;1;0;1;0;0;0;1;0;1;1;1;0;0;0;0
pvp_2vs2;1;0;1;0;0;0;1;0;0;1;0;1;0;0;0;1;0;0
pvp_c_room;1;0;0;0;0;0;0;0;0;1;0;0;0;0;0;0;0;0
pvp_n_1-1;1;0;1;1;1;1;1;0;0;1;0;1;1;1;0;1;0;0
pvp_n_1-2;1;0;1;1;1;1;1;0;0;1;0;1;1;1;0;1;0;0
pvp_n_1-3;1;0;1;1;1;1;1;0;0;1;0;1;1;1;0;1;0;0
pvp_n_1-4;1;0;1;1;1;1;1;0;0;1;0;1;1;1;0;1;0;0
pvp_n_1-5;1;0;1;1;1;1;1;0;0;1;0;1;1;1;0;1;0;0
pvp_n_2-1;1;0;1;1;1;1;1;0;0;1;0;1;1;1;0;1;0;0
pvp_n_2-2;1;0;1;1;1;1;1;0;0;1;0;1;1;1;0;1;0;0
pvp_n_2-3;1;0;1;1;1;1;1;0;0;1;0;1;1;1;0;1;0;0
pvp_n_2-4;1;0;1;1;1;1;1;0;0;1;0;1;1;1;0;1;0;0
pvp_n_2-5;1;0;1;1;1;1;1;0;0;1;0;1;1;1;0;1;0;0
pvp_n_3-1;1;0;1;1;1;1;1;0;0;1;0;1;1;1;0;1;0;0
pvp_n_3-2;1;0;1;1;1;1;1;0;0;1;0;1;1;1;0;1;0;0
pvp_n_3-3;1;0;1;1;1;1;1;0;0;1;0;1;1;1;0;1;0;0
pvp_n_3-4;1;0;1;1;1;1;1;0;0;1;0;1;1;1;0;1;0;0
pvp_n_3-5;1;0;1;1;1;1;1;0;0;1;0;1;1;1;0;1;0;0
pvp_n_4-1;1;0;1;1;1;1;1;0;0;1;0;1;1;1;0;1;0;0
pvp_n_4-2;1;0;1;1;1;1;1;0;0;1;0;1;1;1;0;1;0;0
pvp_n_4-3;1;0;1;1;1;1;1;0;0;1;0;1;1;1;0;1;0;0
pvp_n_4-4;1;0;1;1;1;1;1;0;0;1;0;1;1;1;0;1;0;0
pvp_n_4-5;1;0;1;1;1;1;1;0;0;1;0;1;1;1;0;1;0;0
pvp_n_5-1;1;0;1;1;1;1;1;0;0;1;0;1;1;1;0;1;0;0
pvp_n_5-2;1;0;1;1;1;1;1;0;0;1;0;1;1;1;0;1;0;0
pvp_n_5-3;1;0;1;1;1;1;1;0;0;1;0;1;1;1;0;1;0;0
pvp_n_5-4;1;0;1;1;1;1;1;0;0;1;0;1;1;1;0;1;0;0
pvp_n_5-5;1;0;1;1;1;1;1;0;0;1;0;1;1;1;0;1;0;0
pvp_n_6-1;1;0;1;1;1;1;1;0;0;1;0;1;1;1;0;1;0;0
pvp_n_6-2;1;0;1;1;1;1;1;0;0;1;0;1;1;1;0;1;0;0
pvp_n_6-3;1;0;1;1;1;1;1;0;0;1;0;1;1;1;0;1;0;0
pvp_n_6-4;1;0;1;1;1;1;1;0;0;1;0;1;1;1;0;1;0;0
pvp_n_6-5;1;0;1;1;1;1;1;0;0;1;0;1;1;1;0;1;0;0
pvp_n_7-1;1;0;1;1;1;1;1;0;0;1;0;1;1;1;0;1;0;0
pvp_n_7-2;1;0;1;1;1;1;1;0;0;1;0;1;1;1;0;1;0;0
pvp_n_7-3;1;0;1;1;1;1;1;0;0;1;0;1;1;1;0;1;0;0
pvp_n_7-4;1;0;1;1;1;1;1;0;0;1;0;1;1;1;0;1;0;0
pvp_n_7-5;1;0;1;1;1;1;1;0;0;1;0;1;1;1;0;1;0;0
pvp_n_8-1;1;0;1;1;1;1;1;0;0;1;0;1;1;1;0;1;0;0
pvp_n_8-2;1;0;1;1;1;1;1;0;0;1;0;1;1;1;0;1;0;0
pvp_n_8-3;1;0;1;1;1;1;1;0;0;1;0;1;1;1;0;1;0;0
pvp_n_8-4;1;0;1;1;1;1;1;0;0;1;0;1;1;1;0;1;0;0
pvp_n_8-5;1;0;1;1;1;1;1;0;0;1;0;1;1;1;0;1;0;0
pvp_n_room;1;0;0;0;0;0;0;0;0;1;0;0;0;0;0;0;0;0
pvp_room;1;0;0;0;0;0;0;0;0;1;0;0;0;0;0;0;0;0
pvp_y_1-1;1;0;1;0;0;0;1;0;0;1;0;1;0;0;0;1;0;0
pvp_y_1-2;1;0;1;0;0;0;1;0;0;1;0;1;0;0;0;1;0;0
pvp_y_1-3;1;0;1;0;0;0;1;0;0;1;0;1;0;0;0;1;0;0
pvp_y_1-4;1;0;1;0;0;0;1;0;0;1;0;1;0;0;0;1;0;0
pvp_y_1-5;1;0;1;0;0;0;1;0;0;1;0;1;0;0;0;1;0;0
pvp_y_2-1;1;0;1;0;0;0;1;0;0;1;0;1;0;0;0;1;0;0
pvp_y_2-2;1;0;1;0;0;0;1;0;0;1;0;1;0;0;0;1;0;0
pvp_y_2-3;1;0;1;0;0;0;1;0;0;1;0;1;0;0;0;1;0;0
pvp_y_2-4;1;0;1;0;0;0;1;0;0;1;0;1;0;0;0;1;0;0
pvp_y_2-5;1;0;1;0;0;0;1;0;0;1;0;1;0;0;0;1;0;0
pvp_y_3-1;1;0;1;0;0;0;1;0;0;1;0;1;0;0;0;1;0;0
pvp_y_3-2;1;0;1;0;0;0;1;0;0;1;0;1;0;0;0;1;0;0
pvp_y_3-3;1;0;1;0;0;0;1;0;0;1;0;1;0;0;0;1;0;0
pvp_y_3-4;1;0;1;0;0;0;1;0;0;1;0;1;0;0;0;1;0;0
pvp_y_3-5;1;0;1;0;0;0;1;0;0;1;0;1;0;0;0;1;0;0
pvp_y_4-1;1;0;1;0;0;0;1;0;0;1;0;1;0;0;0;1;0;0
pvp_y_4-2;1;0;1;0;0;0;1;0;0;1;0;1;0;0;0;1;0;0
pvp_y_4-3;1;0;1;0;0;0;1;0;0;1;0;1;0;0;0;1;0;0
pvp_y_4-4;1;0;1;0;0;0;1;0;0;1;0;1;0;0;0;1;0;0
pvp_y_4-5;1;0;1;0;0;0;1;0;0;1;0;1;0;0;0;1;0;0
pvp_y_5-1;1;0;1;0;0;0;1;0;0;1;0;1;0;0;0;1;0;0
pvp_y_5-2;1;0;1;0;0;0;1;0;0;1;0;1;0;0;0;1;0;0
pvp_y_5-3;1;0;1;0;0;0;1;0;0;1;0;1;0;0;0;1;0;0
pvp_y_5-4;1;0;1;0;0;0;1;0;0;1;0;1;0;0;0;1;0;0
pvp_y_5-5;1;0;1;0;0;0;1;0;0;1;0;1;0;0;0;1;0;0
pvp_y_6-1;1;0;1;0;0;0;1;0;0;1;0;1;0;0;0;1;0;0
pvp_y_6-2;1;0;1;0;0;0;1;0;0;1;0;1;0;0;0;1;0;0
pvp_y_6-3;1;0;1;0;0;0;1;0;0;1;0;1;0;0;0;1;0;0
pvp_y_6-4;1;0;1;0;0;0;1;0;0;1;0;1;0;0;0;1;0;0
pvp_y_6-5;1;0;1;0;0;0;1;0;0;1;0;1;0;0;0;1;0;0
pvp_y_7-1;1;0;1;0;0;0;1;0;0;1;0;1;0;0;0;1;0;0
pvp_y_7-2;1;0;1;0;0;0;1;0;0;1;0;1;0;0;0;1;0;0
pvp_y_7-3;1;0;1;0;0;0;1;0;0;1;0;1;0;0;0;1;0;0
pvp_y_7-4;1;0;1;0;0;0;1;0;0;1;0;1;0;0;0;1;0;0
pvp_y_7-5;1;0;1;0;0;0;1;0;0;1;0;1;0;0;0;1;0;0
pvp_y_8-1;1;0;1;0;0;0;1;0;0;1;0;1;0;0;0;1;0;0
pvp_y_8-2;1;0;1;0;0;0;1;0;0;1;0;1;0;0;0;1;0;0
pvp_y_8-3;1;0;1;0;0;0;1;0;0;1;0;1;0;0;0;1;0;0
pvp_y_8-4;1;0;1;0;0;0;1;0;0;1;0;1;0;0;0;1;0;0
pvp_y_8-5;1;0;1;0;0;0;1;0;0;1;0;1;0;0;0;1;0;0
pvp_y_room;1;0;0;0;0;0;0;0;0;1;0;0;0;0;0;0;0;0
p_track01;1;0;1;0;0;0;0;0;0;1;0;0;0;0;0;0;0;0
p_track02;1;0;1;0;0;0;0;0;0;1;0;0;0;0;0;0;0;0
que_bingo;1;0;1;0;0;0;0;0;0;1;0;0;0;0;0;0;0;0
que_god01;1;0;1;0;0;0;0;0;0;1;0;0;0;0;0;0;0;0
que_god02;1;0;1;0;0;0;0;0;0;1;0;0;0;0;0;0;0;0
que_hugel;1;0;0;0;0;0;0;0;0;1;1;0;0;0;0;0;0;0
que_job01;1;0;1;0;0;0;0;0;0;1;0;0;0;0;0;0;0;0
que_job02;1;0;1;0;0;0;0;0;0;1;0;0;0;0;0;0;0;0
que_job03;1;0;1;0;0;0;0;0;0;1;0;0;0;0;0;0;0;0
que_ng;1;0;0;0;0;0;0;0;0;1;0;0;0;0;0;0;0;0
que_rachel;1;0;0;0;0;0;0;0;0;1;0;0;0;0;0;0;0;0
que_san04;1;0;0;1;0;1;0;0;0;1;0;1;1;1;0;0;0;0
que_sign01;1;0;1;0;0;0;0;0;0;1;0;0;0;0;0;0;0;0
que_sign02;1;0;1;0;0;0;0;0;0;1;0;0;0;0;0;0;0;0
que_thor;1;0;1;0;0;0;0;0;0;1;0;0;0;0;0;0;0;0
quiz_00;1;0;1;0;0;0;0;0;0;1;0;0;0;0;0;0;0;0
quiz_01;1;0;1;0;0;0;0;0;0;1;0;0;0;0;0;0;0;0
quiz_02;1;0;1;0;0;0;0;0;0;1;0;0;0;0;0;0;0;0
quiz_test;1;0;1;0;0;0;0;0;0;1;0;0;0;0;0;0;0;0
rachel;1;1;0;1;0;0;0;0;0;1;0;0;1;1;0;0;0;0
ra_fild01;1;1;0;1;0;1;0;0;0;1;0;1;1;1;0;0;0;0
ra_fild02;1;1;0;1;0;1;0;0;0;1;0;1;1;1;0;0;0;0
ra_fild03;1;1;0;1;0;1;0;0;0;1;0;1;1;1;0;0;0;0
ra_fild04;1;1;0;1;0;1;0;0;0;1;0;1;1;1;0;0;0;0
ra_fild05;1;1;0;1;0;1;0;0;0;1;0;1;1;1;0;0;0;0
ra_fild06;1;1;0;1;0;1;0;0;0;1;0;1;1;1;0;0;0;0
ra_fild07;1;1;0;1;0;1;0;0;0;1;0;1;1;1;0;0;0;0
ra_fild08;1;1;0;1;0;1;0;0;0;1;0;1;1;1;0;0;0;0
ra_fild09;1;1;0;1;0;1;0;0;0;1;0;1;1;1;0;0;0;0
ra_fild10;1;1;0;1;0;1;0;0;0;1;0;1;1;1;0;0;0;0
ra_fild11;1;1;0;1;0;1;0;0;0;1;0;1;1;1;0;0;0;0
ra_fild12;1;1;0;1;0;1;0;0;0;1;0;1;1;1;0;0;0;0
ra_fild13;1;1;0;1;0;1;0;0;0;1;0;1;1;1;0;0;0;0
ra_in01;1;0;0;0;0;0;0;0;0;1;0;0;0;0;0;0;0;0
ra_san01;1;0;0;1;0;1;0;0;0;1;0;1;1;1;0;0;0;0
ra_san02;1;0;0;1;0;1;0;0;0;1;0;1;1;1;0;0;0;0
ra_san03;1;0;0;1;0;1;0;0;0;1;0;1;1;1;0;0;0;0
ra_san04;1;0;0;1;0;1;0;0;0;1;0;1;1;1;0;0;0;0
ra_san05;1;0;0;1;0;1;0;0;0;1;0;1;1;1;0;0;0;0
ra_temin;1;0;0;0;0;0;0;0;0;1;0;0;0;0;0;0;0;0
ra_temple;1;1;0;1;0;0;0;0;0;1;0;0;1;1;0;0;0;0
ra_temsky;1;0;0;0;0;0;0;0;0;1;0;0;0;0;0;0;0;0
sec_in01;1;0;0;0;0;0;0;0;0;1;0;0;0;0;0;0;0;0
sec_in02;1;0;0;1;0;1;0;0;0;1;0;1;1;1;0;0;0;0
sec_pri;1;0;0;0;0;0;0;0;0;1;1;0;0;0;0;0;0;0
siege_test;1;0;1;0;0;0;0;0;0;1;0;0;0;0;0;0;0;0
sword_1-1;1;0;1;0;0;0;0;0;0;1;0;0;0;0;0;0;0;0
sword_2-1;1;0;1;0;0;0;0;0;0;1;0;0;0;0;0;0;0;0
sword_3-1;1;0;1;0;0;0;0;0;0;1;0;0;0;0;0;0;0;0
thana_boss;1;0;1;0;0;1;0;0;0;1;0;0;0;0;0;0;0;0
thana_step;1;0;0;0;0;1;0;0;0;1;0;1;0;0;0;0;0;0
tha_scene01;1;0;0;1;0;1;0;0;0;1;0;1;1;1;0;0;0;0
tha_t01;1;0;0;1;0;1;0;0;0;1;0;1;1;1;0;0;0;0
tha_t02;1;0;0;1;0;1;0;0;0;1;0;1;1;1;0;0;0;0
tha_t03;1;0;0;1;0;1;0;0;0;1;0;1;1;1;0;0;0;0
tha_t04;1;0;0;1;0;1;0;0;0;1;0;1;1;1;0;0;0;0
tha_t05;1;0;0;1;0;1;0;0;0;1;0;1;1;1;0;0;0;0
tha_t06;1;0;0;1;0;1;0;0;0;1;0;1;1;1;0;0;0;0
tha_t07;1;0;0;0;0;1;0;0;0;1;0;1;0;0;0;0;0;0
tha_t08;1;0;0;0;0;1;0;0;0;1;0;1;0;0;0;0;0;0
tha_t09;1;0;0;0;0;1;0;0;0;1;0;1;0;0;0;0;0;0
tha_t10;1;0;0;0;0;1;0;0;0;1;0;1;0;0;0;0;0;0
tha_t11;1;0;0;0;0;1;0;0;0;1;0;1;0;0;0;0;0;0
tha_t12;1;0;0;0;0;1;0;0;0;1;0;1;0;0;0;0;0;0
thor_camp;1;0;0;1;0;1;0;0;0;1;0;1;1;1;0;0;0;0
thor_v01;1;0;0;1;0;1;0;0;0;1;0;1;1;1;0;0;0;0
thor_v02;1;0;0;1;0;1;0;0;0;1;0;1;1;1;0;0;0;0
thor_v03;1;0;0;1;0;1;0;0;0;1;0;1;1;1;0;0;0;0
treasure01;1;0;0;1;0;1;0;0;0;1;0;1;1;1;0;0;0;0
treasure02;1;0;0;1;0;1;0;0;0;1;0;1;1;1;0;0;0;0
turbo_e_16;1;0;1;0;0;0;1;0;0;1;0;0;0;0;1;0;0;0
turbo_e_4;1;0;1;0;0;0;1;0;0;1;0;0;0;0;1;0;0;0
turbo_e_8;1;0;1;0;0;0;1;0;0;1;0;0;0;0;1;0;0;0
turbo_n_1;1;0;1;0;0;0;0;0;0;1;0;0;0;0;1;0;0;0
turbo_n_16;1;0;1;0;0;0;0;0;0;1;0;0;0;0;1;0;0;0
turbo_n_4;1;0;1;0;0;0;0;0;0;1;0;0;0;0;1;0;0;0
turbo_n_8;1;0;1;0;0;0;0;0;0;1;0;0;0;0;1;0;0;0
turbo_room;1;0;0;0;0;0;0;0;0;1;0;0;0;0;0;0;0;0
tur_dun01;1;0;0;1;0;1;0;0;0;1;0;1;1;1;0;0;0;0
tur_dun02;1;0;0;1;0;1;0;0;0;1;0;1;1;1;0;0;0;0
tur_dun03;1;0;0;1;0;1;0;0;0;1;0;1;1;1;0;0;0;0
tur_dun04;1;0;0;1;0;1;0;0;0;1;0;1;1;1;0;0;0;0
tur_dun05;1;0;0;1;0;1;0;0;0;1;0;1;1;1;0;0;0;0
tur_dun06;1;0;0;1;0;1;0;0;0;1;0;1;1;1;0;0;0;0
umbala;1;1;0;1;0;0;0;0;0;1;0;0;1;1;0;0;0;0
um_dun01;1;0;0;1;0;1;0;0;0;1;0;1;1;1;0;0;0;0
um_dun02;1;0;0;1;0;1;0;0;0;1;0;1;1;1;0;0;0;0
um_fild01;1;1;0;1;0;1;0;0;0;1;0;1;1;1;0;0;0;0
um_fild02;1;1;0;1;0;1;0;0;0;1;0;1;1;1;0;0;0;0
um_fild03;1;1;0;1;0;1;0;0;0;1;0;1;1;1;0;0;0;0
um_fild04;1;1;0;1;0;1;0;0;0;1;0;1;1;1;0;0;0;0
um_in;1;0;0;0;0;0;0;0;0;1;0;0;0;0;0;0;0;0
valkyrie;1;0;1;0;0;0;0;0;0;1;0;0;0;0;0;0;0;0
veins;1;1;0;1;0;0;0;0;0;1;0;0;1;1;0;0;0;0
ve_fild01;1;1;0;1;0;1;0;0;0;1;0;1;1;1;0;0;0;0
ve_fild02;1;1;0;1;0;1;0;0;0;1;0;1;1;1;0;0;0;0
ve_fild03;1;0;0;1;0;1;0;0;0;1;0;1;1;1;0;0;0;0
ve_fild04;1;1;0;1;0;1;0;0;0;1;0;1;1;1;0;0;0;0
ve_fild05;1;1;0;1;0;1;0;0;0;1;0;1;1;1;0;0;0;0
ve_fild06;1;1;0;1;0;1;0;0;0;1;0;1;1;1;0;0;0;0
ve_fild07;1;1;0;1;0;1;0;0;0;1;0;1;1;1;0;0;0;0
ve_in;1;0;0;0;0;0;0;0;0;1;0;0;0;0;0;0;0;0
ve_in02;1;0;0;0;0;0;0;0;0;1;0;0;0;0;0;0;0;0
wizard_1-1;1;0;1;0;0;0;0;0;0;1;0;0;0;0;0;0;0;0
wizard_2-1;1;0;1;0;0;0;0;0;0;1;0;0;0;0;0;0;0;0
wizard_3-1;1;0;1;0;0;0;0;0;0;1;0;0;0;0;0;0;0;0
xmas;1;1;0;1;0;0;0;0;0;1;0;0;1;1;0;0;0;0
xmas_dun01;1;0;0;1;0;1;0;0;0;1;0;1;1;1;0;0;0;0
xmas_dun02;1;0;0;1;0;1;0;0;0;1;0;1;1;1;0;0;0;0
xmas_fild01;1;1;0;1;0;1;0;0;0;1;0;1;1;1;0;0;0;0
xmas_in;1;0;0;0;0;0;0;0;0;1;0;0;0;0;0;0;0;0
yggdrasil01;1;0;1;0;0;0;0;0;0;1;0;0;0;0;0;0;0;0
yuno;1;1;0;1;0;0;0;0;0;1;0;0;1;1;0;0;0;0
yuno_fild01;1;1;0;1;0;1;0;0;0;1;0;1;1;1;0;0;0;0
yuno_fild02;1;0;0;1;0;1;0;0;0;1;0;1;1;1;0;0;0;0
yuno_fild03;1;0;0;1;0;1;0;0;0;1;0;1;1;1;0;0;0;0
yuno_fild04;1;0;0;1;0;1;0;0;0;1;0;1;1;1;0;0;0;0
yuno_fild05;1;0;0;1;0;1;0;0;0;1;0;1;1;1;0;0;0;0
yuno_fild06;1;1;0;1;0;1;0;0;0;1;0;1;1;1;0;0;0;0
yuno_fild07;1;0;0;1;0;1;0;0;0;1;0;1;1;1;0;0;0;0
yuno_fild08;1;0;0;1;0;1;0;0;0;1;0;1;1;1;0;0;0;0
yuno_fild09;1;0;0;1;0;1;0;0;0;1;0;1;1;1;0;0;0;0
yuno_fild10;1;1;0;1;0;1;0;0;0;1;0;1;1;1;0;0;0;0
yuno_fild11;1;1;0;1;0;1;0;0;0;1;0;1;1;1;0;0;0;0
yuno_fild12;1;1;0;1;0;1;0;0;0;1;0;1;1;1;0;0;0;0
yuno_in01;1;0;0;0;0;0;0;0;0;1;0;0;0;0;0;0;0;0
yuno_in02;1;0;0;0;0;0;0;0;0;1;0;0;0;0;0;0;0;0
yuno_in03;1;0;0;0;0;0;0;0;0;1;0;0;0;0;0;0;0;0
yuno_in04;1;0;0;0;0;0;0;0;0;1;0;0;0;0;0;0;0;0
yuno_in05;1;0;0;0;0;0;0;0;0;1;0;0;0;0;0;0;0;0
yuno_pre;1;0;0;0;0;0;0;0;0;1;0;0;0;0;0;0;0;0
y_airport;1;0;0;0;0;0;0;0;0;1;0;0;0;0;0;0;0;0
